## This is a list of honeworks assigned by DR.Icon

## Homework assignments:
R.3 (pages 34-35)
Exercises 9, 16, 20, 22, 27, 41, 48, 58, 63,   76, 79, 81, 83, 88, 90, 93

R.4 (pages 44-46)
Exercises 15, 18, 25, 31, 39, 43, 48, 70,   77, 81, 86, 88, 91, 96

R.5 (pages 56-58)
Exercises 8, 11, 18, 21, 27, 28, 37, 42, 60, 66, 73

R.6 (pages 68-71)
Exercises 9, 13, 18, 22, 25, 27, 33, 41, 45, 53, 69, 75, 84

## Homework assignments for chapter1
1.1 (pages 91-94)
Exercises 19, 21, 25, 27, 29, 39, 42, 44, 47, 55, 65, 90, 100

1.3 (pages 111-113)
Exercises 7, 13, 20, 31, 40, 42, 56, 58, 63, 65, 81, 88, 103

1.4 (pages 123-125)
Exercises 9, 18, 23, 28, 33, 37, 41, 50, 63, 66, 75, 77, 83, 95, 101, 115

1.5 (pages 130-132)
Exercises 25, 29, 37

## Homework assignments for sections 1.6 & 1.7
1.6 (pages 141-143)
Exercises 7, 9, 18, 23, 26, 60, 68, 81, 88, 93, 103, 120, 121

1.7 (pages 153-156)
Exercises 18, 33, 41, 48, 52, 57, 112, 114, 116

2.1 (pages 173-176)
Exercises 12, 19, 25, 27, 53, 56, 62, 68, 72, 73

2.2 (pages 181-183)
Exercises 8, 18, 26, 30, 36, 42, 48, 52, 61, 64, 70

2.3 (pages 192-196)
Exercises 15, 17, 20, 21, 23, 26, 77, 81, 84, 97, 104, 111, 114

2.4 (pages 207-212)
Exercises 11, 18, 27, 38, 42, 63, 66, 72, 77, 90, 105

2.5 (pages 222-223)
Exercises 8, 17, 20, 23, 28, 30, 33, 37, 39, 45, 48

2.6 (pages 239-241)
Exercises 15, 23, 27, 32, 34, 37, 41, 48, 49, 51, 54, 59, 62, 75, 81, 88

2.7 (pages 255-260)
Exercises 8, 12, 22, 25, 29, 32, 37, 46, 48, 72, 81, 111

## HW for Section2.8 (pages 271-273)
Exercises 9, 12, 17, 22, 25, 27, 35, 39, 43, 55, 60, 62, 66, 75, 80, 81, 85, 93, 105, 108

3.1 (pages 295-301)
Exercises 8, 13, 16, 22, 30, 33, 42, 66, 70, 85, 88, 90, 92

3.2 (pages 311-315)
Exercises 13, 20, 23, 35, 39, 43, 59, 62, 77, 96

3.3 (pages 325-328)
Exercises 10, 19, 27, 31, 35, 41, 48, 53, 55, 60, 62, 66, 70, 77, 92

3.4 (pages 341-342)
Exercises 7, 12, 15, 20, 27, 35, 43, 48, 50, 55, 58

3.5 (pages 362-364)
Exercises 8, 10, 15, 20, 23, 30, 36, 39, 45,  50, 60

3.6 (pages 378-381)
Exercises 15, 23, 27, 33, 37, 40, 54, 60, 63, 68, 79, 93, 99, 102

## HW for chapter 4:
4.1 (pages 410-412)
Exercises 25, 30, 33, 36, 42, 50, 70

4.2 (pages 423-427)
Exercises 13, 20, 23, 35, 39, 43, 68, 72, 76

4.3 (pages 438-441)
Exercises 10, 15, 19, 23, 25, 31, 35, 41, 48, 55, 60, 62, 64, 70, 80, 86, 100, 118

4.4 (pages 450-452)
Exercises 8, 18, 24, 27, 35, 43, 48, 55, 66, 90, 96

4.5 (pages 462-466)
Exercises 8, 15, 20, 32, 39, 56, 88, 99

## HW for chapter 6:

6.1 (pages 619-621)
Exercises 16, 27, 33, 38, 43, 48, 53, 58, 66, 72, 81, 98

6.2 (pages 631-632)
Exercises 12, 23, 30, 42, 56, 63

6.3 (pages 642-644)
Exercises 8, 15, 19, 21, 35, 43, 50, 55, 72, 90

6.4 (pages 649)
Exercises 9, 12, 16, 22, 26, 28

6.5 (pages 662-663)
Exercises 6, 10, 17, 20, 24, 31, 35, 41, 53