## Chapter II
Exercises 2.1
3, 6, 9, 12, 15, 18, 22
Exercises 2.2
12, 22, 27, 32, 36, 41, 48, 64, 77, 80
Exercises 2.3
18, 24, 33, 39, 45
Exercises 2.4
12, 18, 21, 24, 33, 38, 42, 45
Exercises 2.5
6, 15, 22, 30, 33, 36, 39, 46
Exercises 2.6
3, 8, 10, 14, 19, 23, 29, 35, 43, 51, 55, 60, 72, 88, 90


## Chapter III
Exercises 3.1
8, 12, 15, 18, 21, 30
Exercises 3.2
3, 6, 13, 16, 19, 22, 37, 39
Exercises 3.3
5, 8, 12, 18, 23, 26, 32, 37, 41, 45, 55


## Chapter IV
Exercises 4.1 
25, 30, 33, 36, 42, 50, 70
Exercises 4.2 (pages 423-427)
13, 20, 23, 35, 39, 43, 68, 72, 76
Exercises 4.3 (pages 438-441)
10, 15, 19, 23, 25, 31, 35, 41, 48, 55, 60, 62, 64, 70, 80, 86, 100, 118
Exercises 4.4 (pages 450-452)
8, 18, 24, 27, 35, 43, 48, 55, 66, 90, 96
Exercises 4.5 (pages 462-466)
8, 15, 20, 32, 39, 56, 88, 99

## Chapter V
Exercises 5.1 (pages 503-506)
30, 33, 38, 43, 48, 53, 58, 69, 72, 98, 108
Exercises 5.2 (pages 521-524)
13, 16, 20, 23, 30, 31, 38, 42, 45, 55, 68, 76
Exercises 5.3 (pages 535-537)
15, 21, 25, 31, 38, 48, 55, 60, 64, 70, 80, 86, 95
Exercises 5.5 (pages 564-565)
9, 10, 19, 24, 26, 29, 32
Exercises 5.6 (pages 580-582)
19, 25, 39, 43, 52, 66
Exercises 5.7 (pages 595-598)
7, 9, 13, 18, 22, 26, 31, 38, 88, 90, 92, 93


## Chapter VI
Exercises 6.1 (pages 619-621)
16, 27, 33, 38, 43, 48, 53, 58, 66, 72, 81, 98
Exercises 6.2 (pages 631-632)
12, 23, 30, 42, 56, 63
Exercises 6.3 (pages 642-644)
8, 15, 19, 21, 35, 43, 50, 55, 72, 90
Exercises 6.4 (pages 649)
9, 12, 16, 22, 26, 28
Exercises 6.5 (pages 662-663)
6, 10, 17, 20, 24, 31, 35, 41, 53


## Chapter VII
Exercises 7.1
2, 4, 6, 8, 10, 26, 30, 32, 41, 43
Exercises 7.2
3, 5, 12, 16, 20, 26, 32, 36, 42, 46, 50, 54, 58, 64, 68, 74, 88
Exercises 7.3
4, 6, 8, 12, 18, 24, 30, 36, 42, 46, 50, 53, 57, 60, 66, 72, 84, 90, 96, 100, 108
Exercises 7.4
2, 4, 8, 12, 18, 20, 30, 38, 42, 48, 50
Exercises 7.5
2, 6, 12, 16, 20, 24, 28, 32, 36, 40, 48, 50, 52, 56, 62, 64, 80
Exercises 7.6
2, 4, 6, 8, 10, 12, 22, 26, 30, 36, 44, 46, 50, 60,  64, 72, 76, 80, 84, 88, 92, 98, 102, 110, 112
